SURVEY: DES   
SNID:   29004   
IAUC:    UNKNOWN 
SNTYPE:  -9 
FILTERS: griz 
RA:      34.500000  deg 
DECL:    -5.500000  deg 
FAKE:    3   (=> BLIND-TEST simulation) 
MWEBV:   0.0227    MW E(B-V) 
REDSHIFT_SPEC:    -9.0000 +-  9.0000  
 


# ============================================ 
# TERSE LIGHT CURVE OUTPUT: 
#
NOBS: 7 
NVAR: 5 
VARLIST:  MJD  FLT FIELD   FLUXCAL   FLUXCALERR   
OBS:  56344.992  g NULL   1.015e+02   4.788e+00  
OBS:  56345.000  r NULL   1.438e+02   3.293e+00  
OBS:  56345.016  i NULL   1.350e+02   4.289e+00  
OBS:  56345.992  z NULL   1.295e+02   4.423e+00  
OBS:  56349.996  g NULL   1.729e+02   5.214e+00  
OBS:  56350.004  r NULL   2.445e+02   5.032e+00  
OBS:  56350.996  i NULL   2.241e+02   5.180e+00  
