SURVEY: DES   
SNID:   71121   
IAUC:    UNKNOWN 
SNTYPE:  1 
FILTERS: griz 
RA:      48.000000  deg 
DECL:    0.000000  deg 
FAKE:    3   (=> BLIND-TEST simulation) 
MWEBV:   0.0713    MW E(B-V) 
REDSHIFT_SPEC:     0.4382 +-  0.0050  
 


# ============================================ 
# TERSE LIGHT CURVE OUTPUT: 
#
NOBS: 8 
NVAR: 5 
VARLIST:  MJD  FLT FIELD   FLUXCAL   FLUXCALERR   
OBS:  56345.039  g NULL   1.865e+01   7.164e+00  
OBS:  56345.055  r NULL   1.860e+01   3.802e+00  
OBS:  56346.055  i NULL   3.556e+01   6.033e+00  
OBS:  56348.027  z NULL   5.060e+01   5.115e+00  
OBS:  56350.023  g NULL   2.750e+01   6.895e+00  
OBS:  56350.027  r NULL   6.060e+01   4.133e+00  
OBS:  56350.035  i NULL   5.163e+01   6.770e+00  
OBS:  56351.023  z NULL   6.051e+01   6.209e+00  
