SURVEY: DES   
SNID:   13433   
IAUC:    UNKNOWN 
SNTYPE:  -9 
FILTERS: griz 
RA:      36.750000  deg 
DECL:    -4.500000  deg 
FAKE:    3   (=> BLIND-TEST simulation) 
MWEBV:   0.0283    MW E(B-V) 
REDSHIFT_SPEC:    -9.0000 +-  9.0000  
 


# ============================================ 
# TERSE LIGHT CURVE OUTPUT: 
#
NOBS: 8 
NVAR: 5 
VARLIST:  MJD  FLT FIELD   FLUXCAL   FLUXCALERR   
OBS:  56336.043  r NULL   1.913e+01   3.114e+00  
OBS:  56336.055  i NULL   1.471e+01   5.023e+00  
OBS:  56337.043  z NULL   3.288e+01   4.092e+00  
OBS:  56338.043  g NULL   1.542e+01   3.600e+00  
OBS:  56347.996  r NULL   1.702e+02   4.142e+00  
OBS:  56348.004  i NULL   1.707e+02   5.882e+00  
OBS:  56348.008  z NULL   1.667e+02   7.280e+00  
OBS:  56348.996  g NULL   7.448e+01   5.845e+00  
