SURVEY: DES   
SNID:   41948   
IAUC:    UNKNOWN 
SNTYPE:  1 
FILTERS: griz 
RA:      34.500000  deg 
DECL:    -5.500000  deg 
FAKE:    3   (=> BLIND-TEST simulation) 
MWEBV:   0.0227    MW E(B-V) 
REDSHIFT_SPEC:     0.3661 +-  0.0050  
 


# ============================================ 
# TERSE LIGHT CURVE OUTPUT: 
#
NOBS: 7 
NVAR: 5 
VARLIST:  MJD  FLT FIELD   FLUXCAL   FLUXCALERR   
OBS:  56344.992  g NULL   3.618e+01   4.408e+00  
OBS:  56345.000  r NULL   6.783e+01   2.273e+00  
OBS:  56345.016  i NULL   6.409e+01   3.662e+00  
OBS:  56345.992  z NULL   5.615e+01   3.849e+00  
OBS:  56349.996  g NULL   8.200e+01   4.318e+00  
OBS:  56350.004  r NULL   1.421e+02   3.386e+00  
OBS:  56350.996  i NULL   1.357e+02   3.961e+00  
