SURVEY: DES   
SNID:   14940   
IAUC:    UNKNOWN 
SNTYPE:  -9 
FILTERS: griz 
RA:      36.750000  deg 
DECL:    -4.500000  deg 
FAKE:    3   (=> BLIND-TEST simulation) 
MWEBV:   0.0283    MW E(B-V) 
REDSHIFT_SPEC:    -9.0000 +-  9.0000  
 


# ============================================ 
# TERSE LIGHT CURVE OUTPUT: 
#
NOBS: 8 
NVAR: 5 
VARLIST:  MJD  FLT FIELD   FLUXCAL   FLUXCALERR   
OBS:  56336.043  r NULL   3.185e+01   3.162e+00  
OBS:  56336.055  i NULL   4.009e+01   5.079e+00  
OBS:  56337.043  z NULL   5.216e+01   4.164e+00  
OBS:  56338.043  g NULL   3.203e+01   3.693e+00  
OBS:  56347.996  r NULL   1.395e+02   3.699e+00  
OBS:  56348.004  i NULL   1.438e+02   5.620e+00  
OBS:  56348.008  z NULL   1.543e+02   7.185e+00  
OBS:  56348.996  g NULL   1.056e+02   6.025e+00  
