SURVEY: DES   
SNID:   9511   
IAUC:    UNKNOWN 
SNTYPE:  -9 
FILTERS: griz 
RA:      0.500000  deg 
DECL:    -43.000000  deg 
FAKE:    3   (=> BLIND-TEST simulation) 
MWEBV:   0.0111    MW E(B-V) 
REDSHIFT_SPEC:    -9.0000 +-  9.0000  
 


# ============================================ 
# TERSE LIGHT CURVE OUTPUT: 
#
NOBS: 8 
NVAR: 5 
VARLIST:  MJD  FLT FIELD   FLUXCAL   FLUXCALERR   
OBS:  56305.043  g NULL   1.645e+02   4.579e+00  
OBS:  56305.051  r NULL   1.740e+02   4.005e+00  
OBS:  56305.055  i NULL   1.427e+02   4.125e+00  
OBS:  56305.070  z NULL   9.767e+01   4.113e+00  
OBS:  56317.035  g NULL   6.516e+02   1.955e+01  
OBS:  56317.043  r NULL   6.175e+02   1.316e+01  
OBS:  56317.051  i NULL   5.124e+02   1.184e+01  
OBS:  56318.035  z NULL   3.382e+02   1.488e+01  
