SURVEY: DES   
SNID:   25197   
IAUC:    UNKNOWN 
SNTYPE:  -9 
FILTERS: griz 
RA:      34.500000  deg 
DECL:    -5.500000  deg 
FAKE:    3   (=> BLIND-TEST simulation) 
MWEBV:   0.0227    MW E(B-V) 
REDSHIFT_SPEC:    -9.0000 +-  9.0000  
 


# ============================================ 
# TERSE LIGHT CURVE OUTPUT: 
#
NOBS: 8 
NVAR: 5 
VARLIST:  MJD  FLT FIELD   FLUXCAL   FLUXCALERR   
OBS:  56335.043  z NULL   5.943e-01   3.380e+00  
OBS:  56344.992  g NULL   1.340e+01   4.345e+00  
OBS:  56345.000  r NULL   3.635e+01   1.995e+00  
OBS:  56345.016  i NULL   4.028e+01   3.538e+00  
OBS:  56345.992  z NULL   2.797e+01   3.738e+00  
OBS:  56349.996  g NULL   2.407e+01   4.013e+00  
OBS:  56350.004  r NULL   6.629e+01   2.423e+00  
OBS:  56350.996  i NULL   8.130e+01   3.395e+00  
