SURVEY: DES   
SNID:   125512   
IAUC:    UNKNOWN 
SNTYPE:  -9 
FILTERS: griz 
RA:      34.500000  deg 
DECL:    -5.500000  deg 
FAKE:    3   (=> BLIND-TEST simulation) 
MWEBV:   0.0227    MW E(B-V) 
REDSHIFT_SPEC:    -9.0000 +-  9.0000  
 


# ============================================ 
# TERSE LIGHT CURVE OUTPUT: 
#
NOBS: 8 
NVAR: 5 
VARLIST:  MJD  FLT FIELD   FLUXCAL   FLUXCALERR   
OBS:  56335.043  z NULL  -6.142e+00   3.382e+00  
OBS:  56344.992  g NULL   2.802e+01   4.383e+00  
OBS:  56345.000  r NULL   2.311e+01   1.922e+00  
OBS:  56345.016  i NULL   2.431e+01   3.484e+00  
OBS:  56345.992  z NULL   2.511e+01   3.730e+00  
OBS:  56349.996  g NULL   3.248e+01   4.036e+00  
OBS:  56350.004  r NULL   3.097e+01   2.149e+00  
OBS:  56350.996  i NULL   3.317e+01   3.089e+00  
