SURVEY: DES   
SNID:   160178   
IAUC:    UNKNOWN 
SNTYPE:  -9 
FILTERS: griz 
RA:      36.750000  deg 
DECL:    -4.500000  deg 
FAKE:    3   (=> BLIND-TEST simulation) 
MWEBV:   0.0283    MW E(B-V) 
REDSHIFT_SPEC:    -9.0000 +-  9.0000  
 


# ============================================ 
# TERSE LIGHT CURVE OUTPUT: 
#
NOBS: 9 
NVAR: 5 
VARLIST:  MJD  FLT FIELD   FLUXCAL   FLUXCALERR   
OBS:  56328.039  g NULL   2.348e-01   3.703e+00  
OBS:  56336.043  r NULL   2.693e+01   3.144e+00  
OBS:  56336.055  i NULL   2.926e+01   5.048e+00  
OBS:  56337.043  z NULL   2.954e+01   4.081e+00  
OBS:  56338.043  g NULL   3.529e+01   3.706e+00  
OBS:  56347.996  r NULL   4.456e+01   2.659e+00  
OBS:  56348.004  i NULL   4.463e+01   4.957e+00  
OBS:  56348.008  z NULL   3.804e+01   6.605e+00  
OBS:  56348.996  g NULL   4.048e+01   5.628e+00  
