SURVEY: DES   
SNID:   69531   
IAUC:    UNKNOWN 
SNTYPE:  -9 
FILTERS: griz 
RA:      34.500000  deg 
DECL:    -5.500000  deg 
FAKE:    3   (=> BLIND-TEST simulation) 
MWEBV:   0.0227    MW E(B-V) 
REDSHIFT_SPEC:    -9.0000 +-  9.0000  
 


# ============================================ 
# TERSE LIGHT CURVE OUTPUT: 
#
NOBS: 9 
NVAR: 5 
VARLIST:  MJD  FLT FIELD   FLUXCAL   FLUXCALERR   
OBS:  56334.043  i NULL   1.011e+01   2.187e+00  
OBS:  56335.043  z NULL   1.466e+01   3.392e+00  
OBS:  56344.992  g NULL   2.743e+01   4.384e+00  
OBS:  56345.000  r NULL   5.880e+01   2.179e+00  
OBS:  56345.016  i NULL   6.767e+01   3.686e+00  
OBS:  56345.992  z NULL   6.240e+01   3.882e+00  
OBS:  56349.996  g NULL   2.725e+01   4.017e+00  
OBS:  56350.004  r NULL   7.168e+01   2.477e+00  
OBS:  56350.996  i NULL   8.780e+01   3.453e+00  
