SURVEY: DES   
SNID:   164061   
IAUC:    UNKNOWN 
SNTYPE:  -9 
FILTERS: griz 
RA:      0.500000  deg 
DECL:    -43.000000  deg 
FAKE:    3   (=> BLIND-TEST simulation) 
MWEBV:   0.0111    MW E(B-V) 
REDSHIFT_SPEC:    -9.0000 +-  9.0000  
 


# ============================================ 
# TERSE LIGHT CURVE OUTPUT: 
#
NOBS: 8 
NVAR: 5 
VARLIST:  MJD  FLT FIELD   FLUXCAL   FLUXCALERR   
OBS:  56305.043  g NULL   6.519e+01   3.316e+00  
OBS:  56305.051  r NULL   1.253e+02   3.287e+00  
OBS:  56305.055  i NULL   1.562e+02   4.295e+00  
OBS:  56305.070  z NULL   1.333e+02   4.454e+00  
OBS:  56317.035  g NULL   3.103e+02   1.614e+01  
OBS:  56317.043  r NULL   4.858e+02   1.106e+01  
OBS:  56317.051  i NULL   5.750e+02   1.280e+01  
OBS:  56318.035  z NULL   5.542e+02   1.699e+01  
