SURVEY: DES   
SNID:   144811   
IAUC:    UNKNOWN 
SNTYPE:  -9 
FILTERS: griz 
RA:      48.000000  deg 
DECL:    0.000000  deg 
FAKE:    3   (=> BLIND-TEST simulation) 
MWEBV:   0.0713    MW E(B-V) 
REDSHIFT_SPEC:    -9.0000 +-  9.0000  
 


# ============================================ 
# TERSE LIGHT CURVE OUTPUT: 
#
NOBS: 8 
NVAR: 5 
VARLIST:  MJD  FLT FIELD   FLUXCAL   FLUXCALERR   
OBS:  56345.039  g NULL   1.936e+01   7.165e+00  
OBS:  56345.055  r NULL   3.273e+01   3.834e+00  
OBS:  56346.055  i NULL   3.547e+01   6.036e+00  
OBS:  56348.027  z NULL   4.265e+01   5.089e+00  
OBS:  56350.023  g NULL   2.898e+01   6.904e+00  
OBS:  56350.027  r NULL   5.166e+01   4.086e+00  
OBS:  56350.035  i NULL   5.985e+01   6.796e+00  
OBS:  56351.023  z NULL   5.193e+01   6.181e+00  
