SURVEY: DES   
SNID:   89885   
IAUC:    UNKNOWN 
SNTYPE:  -9 
FILTERS: griz 
RA:      48.000000  deg 
DECL:    0.000000  deg 
FAKE:    3   (=> BLIND-TEST simulation) 
MWEBV:   0.0713    MW E(B-V) 
REDSHIFT_SPEC:    -9.0000 +-  9.0000  
 


# ============================================ 
# TERSE LIGHT CURVE OUTPUT: 
#
NOBS: 8 
NVAR: 5 
VARLIST:  MJD  FLT FIELD   FLUXCAL   FLUXCALERR   
OBS:  56345.039  g NULL   1.176e+01   7.155e+00  
OBS:  56345.055  r NULL   3.026e+01   3.829e+00  
OBS:  56346.055  i NULL   2.549e+01   6.017e+00  
OBS:  56348.027  z NULL   4.392e+01   5.095e+00  
OBS:  56350.023  g NULL   2.747e+01   6.876e+00  
OBS:  56350.027  r NULL   4.851e+01   4.073e+00  
OBS:  56350.035  i NULL   5.466e+01   6.777e+00  
OBS:  56351.023  z NULL   6.029e+01   6.208e+00  
