SURVEY: DES   
SNID:   87340   
IAUC:    UNKNOWN 
SNTYPE:  -9 
FILTERS: griz 
RA:      34.500000  deg 
DECL:    -5.500000  deg 
FAKE:    3   (=> BLIND-TEST simulation) 
MWEBV:   0.0227    MW E(B-V) 
REDSHIFT_SPEC:    -9.0000 +-  9.0000  
 


# ============================================ 
# TERSE LIGHT CURVE OUTPUT: 
#
NOBS: 8 
NVAR: 5 
VARLIST:  MJD  FLT FIELD   FLUXCAL   FLUXCALERR   
OBS:  56335.043  z NULL   5.909e+00   3.383e+00  
OBS:  56344.992  g NULL   1.779e+01   4.356e+00  
OBS:  56345.000  r NULL   3.521e+01   1.987e+00  
OBS:  56345.016  i NULL   4.498e+01   3.560e+00  
OBS:  56345.992  z NULL   4.545e+01   3.798e+00  
OBS:  56349.996  g NULL   1.437e+01   3.986e+00  
OBS:  56350.004  r NULL   4.525e+01   2.241e+00  
OBS:  56350.996  i NULL   6.075e+01   3.239e+00  
