SURVEY: DES   
SNID:   89410   
IAUC:    UNKNOWN 
SNTYPE:  -9 
FILTERS: griz 
RA:      36.750000  deg 
DECL:    -4.500000  deg 
FAKE:    3   (=> BLIND-TEST simulation) 
MWEBV:   0.0283    MW E(B-V) 
REDSHIFT_SPEC:    -9.0000 +-  9.0000  
 


# ============================================ 
# TERSE LIGHT CURVE OUTPUT: 
#
NOBS: 8 
NVAR: 5 
VARLIST:  MJD  FLT FIELD   FLUXCAL   FLUXCALERR   
OBS:  56336.043  r NULL   2.197e+01   3.123e+00  
OBS:  56336.055  i NULL   7.837e+00   5.016e+00  
OBS:  56337.043  z NULL   1.800e+01   4.056e+00  
OBS:  56338.043  g NULL   2.950e+01   3.666e+00  
OBS:  56347.996  r NULL   2.904e+01   2.571e+00  
OBS:  56348.004  i NULL   2.471e+01   4.900e+00  
OBS:  56348.008  z NULL   2.105e+01   6.576e+00  
OBS:  56348.996  g NULL   2.977e+01   5.589e+00  
