SURVEY: DES   
SNID:   78966   
IAUC:    UNKNOWN 
SNTYPE:  22 
FILTERS: griz 
RA:      34.500000  deg 
DECL:    -5.500000  deg 
FAKE:    3   (=> BLIND-TEST simulation) 
MWEBV:   0.0227    MW E(B-V) 
REDSHIFT_SPEC:     0.3506 +-  0.0050  
 


# ============================================ 
# TERSE LIGHT CURVE OUTPUT: 
#
NOBS: 7 
NVAR: 5 
VARLIST:  MJD  FLT FIELD   FLUXCAL   FLUXCALERR   
OBS:  56344.992  g NULL   8.984e+01   4.704e+00  
OBS:  56345.000  r NULL   8.331e+01   2.449e+00  
OBS:  56345.016  i NULL   6.359e+01   3.660e+00  
OBS:  56345.992  z NULL   5.201e+01   3.827e+00  
OBS:  56349.996  g NULL   1.276e+02   4.707e+00  
OBS:  56350.004  r NULL   9.897e+01   2.791e+00  
OBS:  56350.996  i NULL   7.437e+01   3.340e+00  
