SURVEY: DES   
SNID:   98050   
IAUC:    UNKNOWN 
SNTYPE:  22 
FILTERS: griz 
RA:      0.500000  deg 
DECL:    -43.000000  deg 
FAKE:    3   (=> BLIND-TEST simulation) 
MWEBV:   0.0111    MW E(B-V) 
REDSHIFT_SPEC:     0.2746 +-  0.0050  
 


# ============================================ 
# TERSE LIGHT CURVE OUTPUT: 
#
NOBS: 8 
NVAR: 5 
VARLIST:  MJD  FLT FIELD   FLUXCAL   FLUXCALERR   
OBS:  56305.043  g NULL   1.433e+01   2.917e+00  
OBS:  56305.051  r NULL   2.143e+01   2.234e+00  
OBS:  56305.055  i NULL   7.146e+00   3.055e+00  
OBS:  56305.070  z NULL   5.848e+00   3.666e+00  
OBS:  56317.035  g NULL   1.538e+02   1.517e+01  
OBS:  56317.043  r NULL   9.193e+01   6.454e+00  
OBS:  56317.051  i NULL   9.450e+01   7.150e+00  
OBS:  56318.035  z NULL   9.347e+01   1.357e+01  
