SURVEY: DES   
SNID:   155441   
IAUC:    UNKNOWN 
SNTYPE:  -9 
FILTERS: griz 
RA:      34.500000  deg 
DECL:    -5.500000  deg 
FAKE:    3   (=> BLIND-TEST simulation) 
MWEBV:   0.0227    MW E(B-V) 
REDSHIFT_SPEC:    -9.0000 +-  9.0000  
 


# ============================================ 
# TERSE LIGHT CURVE OUTPUT: 
#
NOBS: 7 
NVAR: 5 
VARLIST:  MJD  FLT FIELD   FLUXCAL   FLUXCALERR   
OBS:  56344.992  g NULL   1.151e+01   4.341e+00  
OBS:  56345.000  r NULL   3.151e+01   1.964e+00  
OBS:  56345.016  i NULL   3.258e+01   3.510e+00  
OBS:  56345.992  z NULL   4.431e+01   3.793e+00  
OBS:  56349.996  g NULL   2.634e+01   4.011e+00  
OBS:  56350.004  r NULL   5.644e+01   2.330e+00  
OBS:  56350.996  i NULL   6.312e+01   3.255e+00  
