SURVEY: DES   
SNID:   30816   
IAUC:    UNKNOWN 
SNTYPE:  -9 
FILTERS: griz 
RA:      34.500000  deg 
DECL:    -5.500000  deg 
FAKE:    3   (=> BLIND-TEST simulation) 
MWEBV:   0.0227    MW E(B-V) 
REDSHIFT_SPEC:    -9.0000 +-  9.0000  
 


# ============================================ 
# TERSE LIGHT CURVE OUTPUT: 
#
NOBS: 7 
NVAR: 5 
VARLIST:  MJD  FLT FIELD   FLUXCAL   FLUXCALERR   
OBS:  56344.992  g NULL   6.840e+00   4.332e+00  
OBS:  56345.000  r NULL   2.507e+01   1.928e+00  
OBS:  56345.016  i NULL   2.184e+01   3.479e+00  
OBS:  56345.992  z NULL   2.745e+01   3.736e+00  
OBS:  56349.996  g NULL   1.613e+01   3.983e+00  
OBS:  56350.004  r NULL   4.051e+01   2.207e+00  
OBS:  56350.996  i NULL   4.154e+01   3.128e+00  
