SURVEY: DES   
SNID:   128846   
IAUC:    UNKNOWN 
SNTYPE:  -9 
FILTERS: griz 
RA:      36.750000  deg 
DECL:    -4.500000  deg 
FAKE:    3   (=> BLIND-TEST simulation) 
MWEBV:   0.0283    MW E(B-V) 
REDSHIFT_SPEC:    -9.0000 +-  9.0000  
 


# ============================================ 
# TERSE LIGHT CURVE OUTPUT: 
#
NOBS: 8 
NVAR: 5 
VARLIST:  MJD  FLT FIELD   FLUXCAL   FLUXCALERR   
OBS:  56336.043  r NULL   1.469e+01   3.104e+00  
OBS:  56336.055  i NULL   1.921e+01   5.028e+00  
OBS:  56337.043  z NULL   2.602e+01   4.072e+00  
OBS:  56338.043  g NULL   3.486e+01   3.681e+00  
OBS:  56347.996  r NULL   6.116e+01   2.793e+00  
OBS:  56348.004  i NULL   6.617e+01   5.057e+00  
OBS:  56348.008  z NULL   5.486e+01   6.649e+00  
OBS:  56348.996  g NULL   2.848e+01   5.610e+00  
