SURVEY: DES   
SNID:   171533   
IAUC:    UNKNOWN 
SNTYPE:  32 
FILTERS: griz 
RA:      36.750000  deg 
DECL:    -4.500000  deg 
FAKE:    3   (=> BLIND-TEST simulation) 
MWEBV:   0.0283    MW E(B-V) 
REDSHIFT_SPEC:     0.5131 +-  0.0050  
 


# ============================================ 
# TERSE LIGHT CURVE OUTPUT: 
#
NOBS: 9 
NVAR: 5 
VARLIST:  MJD  FLT FIELD   FLUXCAL   FLUXCALERR   
OBS:  56328.039  g NULL  -1.866e+00   3.706e+00  
OBS:  56336.043  r NULL   3.670e+01   3.179e+00  
OBS:  56336.055  i NULL   3.280e+01   5.064e+00  
OBS:  56337.043  z NULL   5.319e+01   4.168e+00  
OBS:  56338.043  g NULL   2.295e+01   3.646e+00  
OBS:  56347.996  r NULL   5.192e+01   2.722e+00  
OBS:  56348.004  i NULL   7.705e+01   5.111e+00  
OBS:  56348.008  z NULL   7.707e+01   6.729e+00  
OBS:  56348.996  g NULL   2.242e+01   5.555e+00  
