SURVEY: DES   
SNID:   49432   
IAUC:    UNKNOWN 
SNTYPE:  1 
FILTERS: griz 
RA:      0.500000  deg 
DECL:    -43.000000  deg 
FAKE:    3   (=> BLIND-TEST simulation) 
MWEBV:   0.0111    MW E(B-V) 
REDSHIFT_SPEC:     0.3387 +-  0.0050  
 


# ============================================ 
# TERSE LIGHT CURVE OUTPUT: 
#
NOBS: 8 
NVAR: 5 
VARLIST:  MJD  FLT FIELD   FLUXCAL   FLUXCALERR   
OBS:  56305.043  g NULL   8.424e+00   2.912e+00  
OBS:  56305.051  r NULL   1.659e+01   2.220e+00  
OBS:  56305.055  i NULL   2.018e+01   3.085e+00  
OBS:  56305.070  z NULL   1.778e+01   3.683e+00  
OBS:  56317.035  g NULL   8.844e+01   1.495e+01  
OBS:  56317.043  r NULL   1.315e+02   6.700e+00  
OBS:  56317.051  i NULL   1.274e+02   7.335e+00  
OBS:  56318.035  z NULL   1.183e+02   1.364e+01  
