SURVEY: DES   
SNID:   199836   
IAUC:    UNKNOWN 
SNTYPE:  -9 
FILTERS: griz 
RA:      0.500000  deg 
DECL:    -43.000000  deg 
FAKE:    3   (=> BLIND-TEST simulation) 
MWEBV:   0.0111    MW E(B-V) 
REDSHIFT_SPEC:    -9.0000 +-  9.0000  
 


# ============================================ 
# TERSE LIGHT CURVE OUTPUT: 
#
NOBS: 8 
NVAR: 5 
VARLIST:  MJD  FLT FIELD   FLUXCAL   FLUXCALERR   
OBS:  56305.043  g NULL   1.358e+01   2.930e+00  
OBS:  56305.051  r NULL  -3.385e+00   2.175e+00  
OBS:  56305.055  i NULL  -2.754e+00   3.048e+00  
OBS:  56305.070  z NULL   1.747e+01   3.682e+00  
OBS:  56317.035  g NULL   8.339e+01   1.497e+01  
OBS:  56317.043  r NULL   7.741e+01   6.381e+00  
OBS:  56317.051  i NULL   1.015e+02   7.188e+00  
OBS:  56318.035  z NULL   7.168e+01   1.353e+01  
